
60 140 106 94
106 94 151 139
151 139 133 121
133 121 79 121
79 121 134 121
134 121 152 139
152 139 152 91
152 91 169 91
169 91 174 96
174 96 174 102
174 102 166 110
166 110 153 110
153 110 181 138
181 138 181 90
181 90 229 138
229 138 229 88
229 88 229 138
229 138 277 90
277 90 324 137
324 137 302 115
302 115 252 115
252 115 302 115
302 115 325 138
325 138 325 87
325 87 338 87
338 87 342 91
342 91 342 94
342 94 338 98
338 98 326 98
326 98 338 98
338 98 348 108
348 108 348 122
348 122 326 144
326 144 50 144
50 144 36 158
36 158 20 183
20 183 10 212
10 212 10 253
10 253 10 254
10 254 10 254
10 254 10 254
52 158 312 158
53 159 40 177
40 177 30 200
30 200 17 234
17 234 11 254
11 254 11 254
112 176 112 176
112 176 112 176
112 176 112 176
312 176 312 176
312 176 312 176
344 158 298 158
